Caminhos mínimos começando do vertice 10

Para cada grafo, seguem os caminhos mínimos do vértice 10 aos vértices 20,30,40,50 e 60, em ordem crescente e linha a linha

Grafo 1
[10, 2038, 5094, 2875, 4746, 8892, 3578, 2502, 4627, 4252, 9853, 9285, 1034, 20]
[10, 2038, 2658, 682, 4045, 30]
[10, 2038, 2658, 682, 5941, 6759, 2195, 1223, 40]
[10, 2038, 7521, 2258, 3235, 8078, 2532, 2527, 50]
[10, 2038, 5094, 2875, 3598, 1268, 4333, 3383, 8182, 4328, 9082, 60]

Grafo 2
[10, 20401, 10525, 15491, 15369, 18571, 1573, 3448, 8238, 3358, 13344, 9448, 23467, 3907, 20]
[10, 22754, 23713, 16217, 8863, 12125, 17348, 22569, 8688, 30]
[10, 22754, 23713, 3461, 23673, 23726, 18966, 12308, 6984, 11469, 40]
[10, 22754, 23713, 16217, 8863, 627, 23978, 14272, 3594, 24811, 24612, 14607, 50]
[10, 22754, 13268, 9146, 5521, 20167, 10684, 1848, 7009, 10430, 60]

Grafo 3
[10, 2858, 35293, 3905, 24445, 39345, 61279, 41321, 70540, 26049, 84450, 68904, 87862, 86778, 27694, 16608, 86355, 15760, 20]
[10, 2858, 35293, 96094, 85187, 53177, 64898, 87087, 77935, 42304, 78071, 93985, 27642, 26151, 30]
[10, 2858, 35293, 3905, 24445, 86286, 14327, 19697, 15930, 46307, 40]
[10, 56663, 84437, 19040, 82510, 17622, 94992, 70948, 19878, 50]
[10, 2858, 35293, 3905, 24445, 89584, 2874, 99253, 66532, 33719, 96654, 75728, 79865, 74717, 59399, 8718, 60]

Grafo 4
[10, 532245, 877016, 554617, 430107, 437166, 805646, 841402, 663364, 655748, 634947, 318070, 807260, 20]
[10, 873980, 182382, 261305, 81769, 694525, 219466, 207765, 44636, 183747, 920911, 35338, 239369, 417194, 132461, 740528, 707581, 30]
[10, 873980, 182382, 674971, 557022, 188455, 418550, 275098, 277633, 801708, 730863, 274827, 386086, 188007, 477496, 40]
[10, 873980, 182382, 261305, 81769, 694525, 382144, 748624, 663332, 149827, 349584, 735867, 9905, 716970, 472621, 407659, 994210, 630598, 50]
[10, 873980, 182382, 674971, 106317, 27985, 280367, 227336, 364950, 883474, 283156, 161217, 224210, 188021, 614364, 358029, 855615, 822462, 774634, 60]


Grafo dos pesquisadores (na ordem do pdf do trabalho)
(inf, [2722])
(3.48036845488905, [2722, 9490, 7200, 10343, 646765, 490368, 10746, 3655, 471365])
(2.706993617556464, [2722, 217250, 11456, 768, 11448, 101826, 12242, 11834, 9608, 5709])
(2.7535141793573357, [2722, 217250, 11456, 768, 6479, 8528, 10572, 357587, 11649, 3694, 318911, 11386])
(2.9428308695367864, [2722, 9490, 7200, 391667, 371226, 4379, 68773, 11466, 343930])
